camera_matrix:
- - 917.03
  - 0.0
  - 667.86
- - 0.0
  - 916.53
  - 367.64
- - 0.0
  - 0.0
  - 1.0
dist_coeffs:
- - 0.0
  - -0.0
  - -0.0
  - -0.0
  - 0.0
charuco_params:
  board_squares_x: 7
  board_squares_y: 5
  square_length: 0.015
  marker_length: 0.011
  aruco_dict: DICT_4X4_50
