camera_matrix:
- - 609.0755095503881
  - 0.0
  - 333.78002935525393
- - 0.0
  - 608.6477356099793
  - 254.14077041164182
- - 0.0
  - 0.0
  - 1.0
dist_coeffs:
- - 0.0
  - -0.0
  - -0.0
  - -0.0
  - 0.0
charuco_params:
  board_squares_x: 7
  board_squares_y: 5
  square_length: 0.0215
  marker_length: 0.016
  aruco_dict: DICT_4X4_50
